408,24
408,28
412,28
384,32
408,32
412,32
424,32
380,36
384,36
388,36
392,36
400,36
404,36
408,36
412,36
416,36
424,36
368,40
372,40
376,40
380,40
384,40
388,40
392,40
396,40
400,40
404,40
408,40
412,40
416,40
420,40
424,40
428,40
432,40
632,40
360,44
364,44
368,44
372,44
376,44
380,44
384,44
388,44
392,44
396,44
400,44
404,44
408,44
412,44
416,44
420,44
424,44
428,44
432,44
628,44
632,44
352,48
356,48
360,48
364,48
368,48
372,48
376,48
380,48
384,48
388,48
392,48
396,48
400,48
404,48
408,48
412,48
416,48
420,48
424,48
428,48
432,48
436,48
444,48
624,48
632,48
328,52
332,52
336,52
340,52
344,52
348,52
352,52
356,52
360,52
364,52
368,52
372,52
376,52
380,52
384,52
388,52
392,52
396,52
400,52
404,52
408,52
412,52
416,52
420,52
424,52
428,52
432,52
436,52
440,52
444,52
628,52
632,52
320,56
324,56
328,56
332,56
336,56
340,56
344,56
348,56
352,56
356,56
360,56
364,56
368,56
372,56
376,56
380,56
384,56
388,56
392,56
396,56
400,56
404,56
408,56
412,56
416,56
420,56
424,56
428,56
432,56
436,56
440,56
444,56
448,56
620,56
624,56
628,56
632,56
316,60
320,60
324,60
328,60
332,60
336,60
340,60
344,60
348,60
352,60
356,60
360,60
364,60
368,60
372,60
376,60
380,60
384,60
388,60
392,60
396,60
400,60
404,60
408,60
412,60
416,60
420,60
424,60
428,60
432,60
436,60
440,60
444,60
448,60
452,60
456,60
460,60
464,60
468,60
532,60
624,60
628,60
632,60
316,64
320,64
324,64
328,64
332,64
336,64
340,64
344,64
348,64
352,64
356,64
360,64
364,64
368,64
372,64
376,64
380,64
384,64
388,64
392,64
396,64
400,64
404,64
408,64
412,64
416,64
420,64
424,64
428,64
432,64
436,64
440,64
444,64
448,64
452,64
456,64
460,64
464,64
468,64
472,64
476,64
480,64
484,64
488,64
492,64
496,64
500,64
504,64
508,64
512,64
516,64
528,64
624,64
628,64
632,64
316,68
320,68
324,68
328,68
332,68
336,68
340,68
344,68
348,68
352,68
356,68
360,68
364,68
368,68
372,68
376,68
380,68
384,68
388,68
392,68
396,68
400,68
404,68
408,68
412,68
416,68
420,68
424,68
428,68
432,68
436,68
440,68
444,68
448,68
452,68
456,68
460,68
464,68
468,68
472,68
476,68
480,68
484,68
488,68
492,68
496,68
500,68
504,68
508,68
512,68
516,68
520,68
528,68
636,68
308,72
312,72
316,72
320,72
324,72
328,72
332,72
336,72
340,72
344,72
348,72
352,72
356,72
360,72
364,72
368,72
372,72
376,72
380,72
384,72
388,72
392,72
396,72
400,72
404,72
408,72
412,72
416,72
420,72
424,72
428,72
432,72
436,72
440,72
444,72
448,72
452,72
456,72
460,72
464,72
468,72
472,72
476,72
480,72
484,72
488,72
492,72
496,72
500,72
504,72
508,72
512,72
516,72
520,72
524,72
528,72
532,72
544,72
548,72
628,72
640,72
304,76
308,76
312,76
316,76
320,76
324,76
328,76
332,76
336,76
340,76
344,76
348,76
352,76
356,76
360,76
364,76
368,76
372,76
376,76
380,76
384,76
388,76
392,76
396,76
400,76
404,76
408,76
412,76
416,76
420,76
424,76
428,76
432,76
436,76
440,76
444,76
448,76
452,76
456,76
460,76
464,76
468,76
472,76
476,76
480,76
484,76
488,76
492,76
496,76
500,76
504,76
508,76
512,76
516,76
520,76
524,76
528,76
532,76
536,76
540,76
544,76
548,76
552,76
556,76
560,76
564,76
568,76
620,76
624,76
628,76
632,76
636,76
644,76
300,80
304,80
308,80
312,80
316,80
320,80
324,80
328,80
332,80
336,80
340,80
344,80
348,80
352,80
356,80
360,80
364,80
368,80
372,80
376,80
380,80
384,80
388,80
392,80
396,80
400,80
404,80
408,80
412,80
416,80
420,80
424,80
428,80
432,80
436,80
440,80
444,80
448,80
452,80
456,80
460,80
464,80
468,80
472,80
476,80
480,80
484,80
488,80
492,80
496,80
500,80
504,80
508,80
512,80
516,80
520,80
524,80
528,80
532,80
536,80
540,80
544,80
548,80
552,80
556,80
560,80
564,80
568,80
572,80
576,80
580,80
584,80
588,80
592,80
596,80
600,80
604,80
620,80
628,80
632,80
636,80
640,80
644,80
648,80
652,80
292,84
296,84
300,84
304,84
308,84
312,84
316,84
320,84
324,84
328,84
332,84
336,84
340,84
344,84
348,84
352,84
356,84
360,84
364,84
368,84
372,84
376,84
380,84
384,84
388,84
392,84
396,84
400,84
404,84
408,84
412,84
416,84
420,84
424,84
428,84
432,84
436,84
440,84
444,84
448,84
452,84
456,84
460,84
464,84
468,84
472,84
476,84
480,84
484,84
488,84
492,84
496,84
500,84
504,84
508,84
512,84
516,84
520,84
524,84
528,84
532,84
536,84
540,84
544,84
548,84
552,84
556,84
560,84
564,84
568,84
572,84
576,84
580,84
584,84
588,84
592,84
596,84
600,84
604,84
608,84
612,84
616,84
624,84
628,84
632,84
636,84
640,84
644,84
648,84
652,84
288,88
292,88
296,88
300,88
304,88
308,88
312,88
316,88
320,88
324,88
328,88
332,88
336,88
340,88
344,88
348,88
352,88
356,88
360,88
364,88
368,88
372,88
376,88
380,88
384,88
388,88
392,88
396,88
400,88
404,88
408,88
412,88
416,88
420,88
424,88
428,88
432,88
436,88
440,88
444,88
448,88
452,88
456,88
460,88
464,88
468,88
472,88
476,88
480,88
484,88
488,88
492,88
496,88
500,88
504,88
508,88
512,88
516,88
520,88
524,88
528,88
532,88
536,88
540,88
544,88
548,88
552,88
556,88
560,88
564,88
568,88
572,88
576,88
580,88
584,88
588,88
592,88
596,88
600,88
604,88
608,88
612,88
616,88
620,88
624,88
628,88
632,88
636,88
640,88
644,88
648,88
652,88
656,88
280,92
284,92
288,92
292,92
296,92
300,92
304,92
308,92
312,92
316,92
320,92
324,92
328,92
332,92
336,92
340,92
344,92
348,92
352,92
356,92
360,92
364,92
368,92
372,92
376,92
380,92
384,92
388,92
392,92
396,92
400,92
404,92
408,92
412,92
416,92
420,92
424,92
428,92
432,92
436,92
440,92
444,92
448,92
452,92
456,92
460,92
464,92
468,92
472,92
476,92
480,92
484,92
488,92
492,92
496,92
500,92
504,92
508,92
512,92
516,92
520,92
524,92
528,92
532,92
536,92
540,92
544,92
548,92
552,92
556,92
560,92
564,92
568,92
572,92
576,92
580,92
584,92
588,92
592,92
596,92
600,92
604,92
608,92
612,92
616,92
620,92
624,92
628,92
632,92
636,92
640,92
644,92
648,92
652,92
656,92
268,96
272,96
276,96
280,96
284,96
288,96
292,96
296,96
300,96
304,96
308,96
312,96
316,96
320,96
324,96
328,96
332,96
336,96
340,96
344,96
348,96
352,96
356,96
360,96
364,96
368,96
372,96
376,96
380,96
384,96
388,96
392,96
396,96
400,96
404,96
408,96
412,96
416,96
420,96
424,96
428,96
432,96
436,96
440,96
444,96
448,96
452,96
456,96
460,96
464,96
468,96
472,96
476,96
480,96
484,96
488,96
492,96
496,96
500,96
504,96
508,96
512,96
516,96
520,96
524,96
528,96
532,96
536,96
540,96
544,96
548,96
552,96
556,96
560,96
564,96
568,96
572,96
576,96
580,96
584,96
588,96
592,96
596,96
600,96
604,96
608,96
612,96
616,96
620,96
624,96
628,96
632,96
636,96
640,96
644,96
648,96
652,96
264,100
268,100
272,100
276,100
280,100
284,100
288,100
292,100
296,100
300,100
304,100
308,100
312,100
316,100
320,100
324,100
328,100
332,100
336,100
340,100
344,100
348,100
352,100
356,100
360,100
364,100
368,100
372,100
376,100
380,100
384,100
388,100
392,100
396,100
400,100
404,100
408,100
412,100
416,100
420,100
424,100
428,100
432,100
436,100
440,100
444,100
448,100
452,100
456,100
460,100
464,100
468,100
472,100
476,100
480,100
484,100
488,100
492,100
496,100
500,100
504,100
508,100
512,100
516,100
520,100
524,100
528,100
532,100
536,100
540,100
544,100
548,100
552,100
556,100
560,100
564,100
568,100
572,100
576,100
580,100
584,100
588,100
592,100
596,100
600,100
604,100
608,100
612,100
616,100
620,100
624,100
628,100
632,100
636,100
640,100
644,100
648,100
652,100
656,100
664,100
672,100
256,104
260,104
264,104
268,104
272,104
276,104
280,104
284,104
288,104
292,104
296,104
300,104
304,104
308,104
312,104
316,104
320,104
324,104
328,104
332,104
336,104
340,104
344,104
348,104
352,104
356,104
360,104
364,104
368,104
372,104
376,104
380,104
384,104
388,104
392,104
396,104
400,104
404,104
408,104
412,104
416,104
420,104
424,104
428,104
432,104
436,104
440,104
444,104
448,104
452,104
456,104
460,104
464,104
468,104
472,104
476,104
480,104
484,104
488,104
492,104
496,104
500,104
504,104
508,104
512,104
516,104
520,104
524,104
528,104
532,104
536,104
540,104
544,104
548,104
552,104
556,104
560,104
564,104
568,104
572,104
576,104
580,104
584,104
588,104
592,104
596,104
600,104
604,104
608,104
612,104
616,104
620,104
624,104
628,104
632,104
636,104
640,104
644,104
648,104
652,104
656,104
660,104
664,104
668,104
256,108
260,108
264,108
268,108
272,108
276,108
280,108
284,108
288,108
292,108
296,108
300,108
304,108
308,108
312,108
316,108
320,108
324,108
328,108
332,108
336,108
340,108
344,108
348,108
352,108
356,108
360,108
364,108
368,108
372,108
376,108
380,108
384,108
388,108
392,108
396,108
400,108
404,108
408,108
412,108
416,108
420,108
424,108
428,108
432,108
436,108
440,108
444,108
448,108
452,108
456,108
460,108
464,108
468,108
472,108
476,108
480,108
484,108
488,108
492,108
496,108
500,108
504,108
508,108
512,108
516,108
520,108
524,108
528,108
532,108
536,108
540,108
544,108
548,108
552,108
556,108
560,108
564,108
568,108
572,108
576,108
580,108
584,108
588,108
592,108
596,108
600,108
604,108
608,108
612,108
616,108
620,108
624,108
628,108
632,108
636,108
640,108
644,108
648,108
652,108
656,108
660,108
664,108
668,108
248,112
252,112
256,112
260,112
264,112
268,112
272,112
276,112
280,112
284,112
288,112
292,112
296,112
300,112
304,112
308,112
312,112
316,112
320,112
324,112
328,112
332,112
336,112
340,112
344,112
348,112
352,112
356,112
360,112
364,112
368,112
372,112
376,112
380,112
384,112
388,112
392,112
396,112
400,112
404,112
408,112
412,112
416,112
420,112
424,112
428,112
432,112
436,112
440,112
444,112
448,112
452,112
456,112
460,112
464,112
468,112
472,112
476,112
480,112
484,112
488,112
492,112
496,112
500,112
504,112
508,112
512,112
516,112
520,112
524,112
528,112
532,112
536,112
540,112
544,112
548,112
552,112
556,112
560,112
564,112
568,112
572,112
576,112
580,112
584,112
588,112
592,112
596,112
600,112
604,112
608,112
612,112
616,112
620,112
624,112
628,112
632,112
636,112
640,112
644,112
648,112
652,112
656,112
660,112
672,112
248,116
252,116
256,116
260,116
264,116
268,116
272,116
276,116
280,116
284,116
288,116
292,116
296,116
300,116
304,116
308,116
312,116
316,116
320,116
324,116
328,116
332,116
336,116
340,116
344,116
348,116
352,116
356,116
360,116
364,116
368,116
372,116
376,116
380,116
384,116
388,116
392,116
396,116
400,116
404,116
408,116
412,116
416,116
420,116
424,116
428,116
432,116
436,116
440,116
444,116
448,116
452,116
456,116
460,116
464,116
468,116
472,116
476,116
480,116
484,116
488,116
492,116
496,116
500,116
504,116
508,116
512,116
516,116
520,116
524,116
528,116
532,116
536,116
540,116
544,116
548,116
552,116
556,116
560,116
564,116
568,116
572,116
576,116
580,116
584,116
588,116
592,116
596,116
600,116
604,116
608,116
612,116
616,116
620,116
624,116
628,116
632,116
636,116
640,116
644,116
648,116
652,116
656,116
240,120
244,120
248,120
252,120
256,120
260,120
264,120
268,120
272,120
276,120
280,120
284,120
288,120
292,120
296,120
300,120
304,120
308,120
312,120
316,120
320,120
324,120
328,120
332,120
336,120
340,120
344,120
348,120
352,120
356,120
360,120
364,120
368,120
372,120
376,120
380,120
384,120
388,120
392,120
396,120
400,120
404,120
408,120
412,120
416,120
420,120
424,120
428,120
432,120
436,120
440,120
444,120
448,120
452,120
456,120
460,120
464,120
468,120
472,120
476,120
480,120
484,120
488,120
492,120
496,120
500,120
504,120
508,120
512,120
516,120
520,120
524,120
528,120
532,120
536,120
540,120
544,120
548,120
552,120
556,120
560,120
564,120
568,120
572,120
576,120
580,120
584,120
588,120
592,120
596,120
600,120
604,120
608,120
612,120
616,120
620,120
624,120
628,120
632,120
636,120
640,120
644,120
648,120
652,120
656,120
660,120
668,120
232,124
236,124
240,124
244,124
248,124
252,124
256,124
260,124
264,124
268,124
272,124
276,124
280,124
284,124
288,124
292,124
296,124
300,124
304,124
308,124
312,124
316,124
320,124
324,124
328,124
332,124
336,124
340,124
344,124
348,124
352,124
356,124
360,124
364,124
368,124
372,124
376,124
380,124
384,124
388,124
392,124
396,124
400,124
404,124
408,124
412,124
416,124
420,124
424,124
428,124
432,124
436,124
440,124
444,124
448,124
452,124
456,124
460,124
464,124
468,124
472,124
476,124
480,124
484,124
488,124
492,124
496,124
500,124
504,124
508,124
512,124
516,124
520,124
524,124
528,124
532,124
536,124
540,124
544,124
548,124
552,124
556,124
560,124
564,124
568,124
572,124
576,124
580,124
584,124
588,124
592,124
596,124
600,124
604,124
608,124
612,124
616,124
620,124
624,124
628,124
632,124
636,124
640,124
644,124
648,124
652,124
656,124
660,124
664,124
228,128
232,128
236,128
240,128
244,128
248,128
252,128
256,128
260,128
264,128
268,128
272,128
276,128
280,128
284,128
288,128
292,128
296,128
300,128
304,128
308,128
312,128
316,128
320,128
324,128
328,128
332,128
336,128
340,128
344,128
348,128
352,128
356,128
360,128
364,128
368,128
372,128
376,128
380,128
384,128
388,128
392,128
396,128
400,128
404,128
408,128
412,128
416,128
420,128
424,128
428,128
432,128
436,128
440,128
444,128
448,128
452,128
456,128
460,128
464,128
468,128
472,128
476,128
480,128
484,128
488,128
492,128
496,128
500,128
504,128
508,128
512,128
516,128
520,128
524,128
528,128
532,128
536,128
540,128
544,128
548,128
552,128
556,128
560,128
564,128
568,128
572,128
576,128
580,128
584,128
588,128
592,128
596,128
600,128
604,128
608,128
612,128
616,128
620,128
624,128
628,128
632,128
636,128
640,128
644,128
648,128
652,128
660,128
216,132
220,132
224,132
228,132
232,132
236,132
240,132
244,132
248,132
252,132
256,132
260,132
264,132
268,132
272,132
276,132
280,132
284,132
288,132
292,132
296,132
300,132
304,132
308,132
312,132
316,132
320,132
324,132
328,132
332,132
336,132
340,132
344,132
348,132
352,132
356,132
360,132
364,132
368,132
372,132
376,132
380,132
384,132
388,132
392,132
396,132
400,132
404,132
408,132
412,132
416,132
420,132
424,132
428,132
432,132
436,132
440,132
444,132
448,132
452,132
456,132
460,132
464,132
468,132
472,132
476,132
480,132
484,132
488,132
492,132
496,132
500,132
504,132
508,132
512,132
516,132
520,132
524,132
528,132
532,132
536,132
540,132
544,132
548,132
552,132
556,132
560,132
564,132
568,132
572,132
576,132
580,132
584,132
588,132
592,132
596,132
600,132
604,132
608,132
612,132
616,132
620,132
624,132
628,132
632,132
636,132
640,132
644,132
648,132
652,132
656,132
216,136
220,136
224,136
228,136
232,136
236,136
240,136
244,136
248,136
252,136
256,136
260,136
264,136
268,136
272,136
276,136
280,136
284,136
288,136
292,136
296,136
300,136
304,136
308,136
312,136
316,136
320,136
324,136
328,136
332,136
336,136
340,136
344,136
348,136
352,136
356,136
360,136
364,136
368,136
372,136
376,136
380,136
384,136
388,136
392,136
396,136
400,136
404,136
408,136
412,136
416,136
420,136
424,136
428,136
432,136
436,136
440,136
444,136
448,136
452,136
456,136
460,136
464,136
468,136
472,136
476,136
480,136
484,136
488,136
492,136
496,136
500,136
504,136
508,136
512,136
516,136
520,136
524,136
528,136
532,136
536,136
540,136
544,136
548,136
552,136
556,136
560,136
564,136
568,136
572,136
576,136
580,136
584,136
588,136
592,136
596,136
600,136
604,136
608,136
612,136
616,136
620,136
624,136
628,136
632,136
636,136
640,136
644,136
648,136
652,136
656,136
660,136
664,136
668,136
216,140
220,140
224,140
228,140
232,140
236,140
240,140
244,140
248,140
252,140
256,140
260,140
264,140
268,140
272,140
276,140
280,140
284,140
288,140
292,140
296,140
300,140
304,140
308,140
312,140
316,140
320,140
324,140
328,140
332,140
336,140
340,140
344,140
348,140
352,140
356,140
360,140
364,140
368,140
372,140
376,140
380,140
384,140
388,140
392,140
396,140
400,140
404,140
408,140
412,140
416,140
420,140
424,140
428,140
432,140
436,140
440,140
444,140
448,140
452,140
456,140
460,140
464,140
468,140
472,140
476,140
480,140
484,140
488,140
492,140
496,140
500,140
504,140
508,140
512,140
516,140
520,140
524,140
528,140
532,140
536,140
540,140
544,140
548,140
552,140
556,140
560,140
564,140
568,140
572,140
576,140
580,140
584,140
588,140
592,140
596,140
600,140
604,140
608,140
612,140
616,140
620,140
624,140
628,140
632,140
636,140
640,140
644,140
648,140
652,140
656,140
660,140
664,140
668,140
208,144
212,144
216,144
220,144
224,144
228,144
232,144
236,144
240,144
244,144
248,144
252,144
256,144
260,144
264,144
268,144
272,144
276,144
280,144
284,144
288,144
292,144
296,144
300,144
304,144
308,144
312,144
316,144
320,144
324,144
328,144
332,144
336,144
340,144
344,144
348,144
352,144
356,144
360,144
364,144
368,144
372,144
376,144
380,144
384,144
388,144
392,144
396,144
400,144
404,144
408,144
412,144
416,144
420,144
424,144
428,144
432,144
436,144
440,144
444,144
448,144
452,144
456,144
460,144
464,144
468,144
472,144
476,144
480,144
484,144
488,144
492,144
496,144
500,144
504,144
508,144
512,144
516,144
520,144
524,144
528,144
532,144
536,144
540,144
544,144
548,144
552,144
556,144
560,144
564,144
568,144
572,144
576,144
580,144
584,144
588,144
592,144
596,144
600,144
604,144
608,144
612,144
616,144
620,144
624,144
628,144
632,144
636,144
640,144
644,144
648,144
652,144
656,144
660,144
664,144
668,144
200,148
204,148
208,148
212,148
216,148
220,148
224,148
228,148
232,148
236,148
240,148
244,148
248,148
252,148
256,148
260,148
264,148
268,148
272,148
276,148
280,148
284,148
288,148
292,148
296,148
300,148
304,148
308,148
312,148
316,148
320,148
324,148
328,148
332,148
336,148
340,148
344,148
348,148
352,148
356,148
360,148
364,148
368,148
372,148
376,148
380,148
384,148
388,148
392,148
396,148
400,148
404,148
408,148
412,148
416,148
420,148
424,148
428,148
432,148
436,148
440,148
444,148
448,148
452,148
456,148
460,148
464,148
468,148
472,148
476,148
480,148
484,148
488,148
492,148
496,148
500,148
504,148
508,148
512,148
516,148
520,148
524,148
528,148
532,148
536,148
540,148
544,148
548,148
552,148
556,148
560,148
564,148
568,148
572,148
576,148
580,148
584,148
588,148
592,148
596,148
600,148
604,148
608,148
612,148
616,148
620,148
624,148
628,148
632,148
636,148
640,148
644,148
648,148
652,148
656,148
660,148
664,148
668,148
672,148
676,148
196,152
200,152
204,152
208,152
212,152
216,152
220,152
224,152
228,152
232,152
236,152
240,152
244,152
248,152
252,152
256,152
260,152
264,152
268,152
272,152
276,152
280,152
284,152
288,152
292,152
296,152
300,152
304,152
308,152
312,152
316,152
320,152
324,152
328,152
332,152
336,152
340,152
344,152
348,152
352,152
356,152
360,152
364,152
368,152
372,152
376,152
380,152
384,152
388,152
392,152
396,152
400,152
404,152
408,152
412,152
416,152
420,152
424,152
428,152
432,152
436,152
440,152
444,152
448,152
452,152
456,152
460,152
464,152
468,152
472,152
476,152
480,152
484,152
488,152
492,152
496,152
500,152
504,152
508,152
512,152
516,152
520,152
524,152
528,152
532,152
536,152
540,152
544,152
548,152
552,152
556,152
560,152
564,152
568,152
572,152
576,152
580,152
584,152
588,152
592,152
596,152
600,152
604,152
608,152
612,152
616,152
620,152
624,152
628,152
632,152
636,152
640,152
644,152
648,152
652,152
656,152
660,152
664,152
668,152
672,152
196,156
200,156
204,156
208,156
212,156
216,156
220,156
224,156
228,156
232,156
236,156
240,156
244,156
248,156
252,156
256,156
260,156
264,156
268,156
272,156
276,156
280,156
284,156
288,156
292,156
296,156
300,156
304,156
308,156
312,156
316,156
320,156
324,156
328,156
332,156
336,156
340,156
344,156
348,156
352,156
356,156
360,156
364,156
368,156
372,156
376,156
380,156
384,156
388,156
392,156
396,156
400,156
404,156
408,156
412,156
416,156
420,156
424,156
428,156
432,156
436,156
440,156
444,156
448,156
452,156
456,156
460,156
464,156
468,156
472,156
476,156
480,156
484,156
488,156
492,156
496,156
500,156
504,156
508,156
512,156
516,156
520,156
524,156
528,156
532,156
536,156
540,156
544,156
548,156
552,156
556,156
560,156
564,156
568,156
572,156
576,156
580,156
584,156
588,156
592,156
596,156
600,156
604,156
608,156
612,156
616,156
620,156
624,156
628,156
632,156
636,156
640,156
644,156
648,156
652,156
656,156
660,156
664,156
668,156
196,160
200,160
204,160
208,160
212,160
216,160
220,160
224,160
228,160
232,160
236,160
240,160
244,160
248,160
252,160
256,160
260,160
264,160
268,160
272,160
276,160
280,160
284,160
288,160
292,160
296,160
300,160
304,160
308,160
312,160
316,160
320,160
324,160
328,160
332,160
336,160
340,160
344,160
348,160
352,160
356,160
360,160
364,160
368,160
372,160
376,160
380,160
384,160
388,160
392,160
396,160
400,160
404,160
408,160
412,160
416,160
420,160
424,160
428,160
432,160
436,160
440,160
444,160
448,160
452,160
456,160
460,160
464,160
468,160
472,160
476,160
480,160
484,160
488,160
492,160
496,160
500,160
504,160
508,160
512,160
516,160
520,160
524,160
528,160
532,160
536,160
540,160
544,160
548,160
552,160
556,160
560,160
564,160
568,160
572,160
576,160
580,160
584,160
588,160
592,160
596,160
600,160
604,160
608,160
612,160
616,160
620,160
624,160
628,160
632,160
636,160
640,160
644,160
648,160
652,160
656,160
660,160
664,160
668,160
192,164
196,164
200,164
204,164
208,164
212,164
216,164
220,164
224,164
228,164
232,164
236,164
240,164
244,164
248,164
252,164
256,164
260,164
264,164
268,164
272,164
276,164
280,164
284,164
288,164
292,164
296,164
300,164
304,164
308,164
312,164
316,164
320,164
324,164
328,164
332,164
336,164
340,164
344,164
348,164
352,164
356,164
360,164
364,164
368,164
372,164
376,164
380,164
384,164
388,164
392,164
396,164
400,164
404,164
408,164
412,164
416,164
420,164
424,164
428,164
432,164
436,164
440,164
444,164
448,164
452,164
456,164
460,164
464,164
468,164
472,164
476,164
480,164
484,164
488,164
492,164
496,164
500,164
504,164
508,164
512,164
516,164
520,164
524,164
528,164
532,164
536,164
540,164
544,164
548,164
552,164
556,164
560,164
564,164
568,164
572,164
576,164
580,164
584,164
588,164
592,164
596,164
600,164
604,164
608,164
612,164
616,164
620,164
624,164
628,164
632,164
636,164
640,164
644,164
648,164
652,164
656,164
660,164
664,164
188,168
192,168
196,168
200,168
204,168
208,168
212,168
216,168
220,168
224,168
228,168
232,168
236,168
240,168
244,168
248,168
252,168
256,168
260,168
264,168
268,168
272,168
276,168
280,168
284,168
288,168
292,168
296,168
300,168
304,168
308,168
312,168
316,168
320,168
324,168
328,168
332,168
336,168
340,168
344,168
348,168
352,168
356,168
360,168
364,168
368,168
372,168
376,168
380,168
384,168
388,168
392,168
396,168
400,168
404,168
408,168
412,168
416,168
420,168
424,168
428,168
432,168
436,168
440,168
444,168
448,168
452,168
456,168
460,168
464,168
468,168
472,168
476,168
480,168
484,168
488,168
492,168
496,168
500,168
504,168
508,168
512,168
516,168
520,168
524,168
528,168
532,168
536,168
540,168
544,168
548,168
552,168
556,168
560,168
564,168
568,168
572,168
576,168
580,168
584,168
588,168
592,168
596,168
600,168
604,168
608,168
612,168
616,168
620,168
624,168
628,168
632,168
636,168
640,168
644,168
648,168
652,168
656,168
660,168
664,168
188,172
192,172
196,172
200,172
204,172
208,172
212,172
216,172
220,172
224,172
228,172
232,172
236,172
240,172
244,172
248,172
252,172
256,172
260,172
264,172
268,172
272,172
276,172
280,172
284,172
288,172
292,172
296,172
300,172
304,172
308,172
312,172
316,172
320,172
324,172
328,172
332,172
336,172
340,172
344,172
348,172
352,172
356,172
360,172
364,172
368,172
372,172
376,172
380,172
384,172
388,172
392,172
396,172
400,172
404,172
408,172
412,172
416,172
420,172
424,172
428,172
432,172
436,172
440,172
444,172
448,172
452,172
456,172
460,172
464,172
468,172
472,172
476,172
480,172
484,172
488,172
492,172
496,172
500,172
504,172
508,172
512,172
516,172
520,172
524,172
528,172
532,172
536,172
540,172
548,172
552,172
556,172
560,172
564,172
568,172
572,172
576,172
580,172
584,172
588,172
592,172
596,172
600,172
604,172
608,172
612,172
616,172
620,172
624,172
628,172
632,172
636,172
640,172
644,172
648,172
652,172
656,172
188,176
192,176
196,176
200,176
204,176
208,176
212,176
216,176
220,176
224,176
228,176
232,176
236,176
240,176
244,176
248,176
252,176
256,176
260,176
264,176
268,176
272,176
276,176
280,176
284,176
288,176
292,176
296,176
300,176
304,176
308,176
312,176
316,176
320,176
324,176
328,176
332,176
336,176
340,176
344,176
348,176
352,176
356,176
360,176
364,176
368,176
372,176
376,176
380,176
384,176
388,176
392,176
396,176
400,176
404,176
408,176
412,176
416,176
420,176
424,176
428,176
432,176
436,176
440,176
444,176
448,176
452,176
456,176
460,176
464,176
468,176
472,176
476,176
480,176
484,176
488,176
492,176
496,176
500,176
504,176
508,176
512,176
516,176
520,176
524,176
528,176
532,176
536,176
540,176
544,176
552,176
556,176
560,176
564,176
568,176
572,176
576,176
580,176
584,176
588,176
592,176
596,176
600,176
604,176
608,176
612,176
616,176
620,176
624,176
628,176
632,176
636,176
640,176
644,176
648,176
652,176
184,180
188,180
192,180
196,180
200,180
204,180
208,180
212,180
216,180
220,180
224,180
228,180
232,180
236,180
240,180
244,180
248,180
252,180
256,180
260,180
264,180
268,180
272,180
276,180
280,180
284,180
288,180
292,180
296,180
300,180
304,180
308,180
312,180
316,180
320,180
324,180
328,180
332,180
336,180
340,180
344,180
348,180
352,180
356,180
360,180
364,180
368,180
372,180
376,180
380,180
384,180
388,180
392,180
396,180
400,180
404,180
408,180
412,180
416,180
420,180
424,180
428,180
432,180
436,180
440,180
444,180
448,180
452,180
456,180
460,180
464,180
468,180
472,180
476,180
480,180
484,180
488,180
492,180
496,180
500,180
504,180
508,180
512,180
516,180
520,180
524,180
528,180
532,180
536,180
540,180
552,180
556,180
560,180
564,180
568,180
572,180
576,180
580,180
584,180
588,180
592,180
596,180
600,180
604,180
608,180
612,180
616,180
620,180
624,180
628,180
632,180
636,180
640,180
644,180
648,180
652,180
184,184
188,184
192,184
196,184
200,184
204,184
208,184
212,184
216,184
220,184
224,184
228,184
232,184
236,184
240,184
244,184
248,184
252,184
256,184
260,184
264,184
268,184
272,184
276,184
280,184
284,184
288,184
292,184
296,184
300,184
304,184
308,184
312,184
316,184
320,184
324,184
328,184
332,184
336,184
340,184
344,184
348,184
352,184
356,184
360,184
364,184
368,184
372,184
376,184
380,184
384,184
388,184
392,184
396,184
400,184
404,184
408,184
412,184
416,184
420,184
424,184
428,184
432,184
436,184
440,184
444,184
448,184
452,184
456,184
460,184
464,184
468,184
472,184
476,184
480,184
484,184
488,184
492,184
496,184
500,184
504,184
508,184
512,184
516,184
520,184
524,184
528,184
532,184
536,184
540,184
544,184
552,184
556,184
560,184
564,184
568,184
572,184
576,184
580,184
584,184
588,184
592,184
596,184
600,184
604,184
608,184
612,184
616,184
620,184
624,184
628,184
632,184
636,184
640,184
644,184
180,188
184,188
192,188
196,188
200,188
204,188
208,188
212,188
216,188
220,188
224,188
228,188
232,188
236,188
240,188
244,188
248,188
252,188
256,188
260,188
264,188
268,188
272,188
276,188
280,188
284,188
288,188
292,188
296,188
300,188
304,188
308,188
312,188
316,188
320,188
324,188
328,188
332,188
336,188
340,188
344,188
348,188
352,188
356,188
360,188
364,188
368,188
372,188
376,188
380,188
384,188
388,188
392,188
396,188
400,188
404,188
408,188
412,188
416,188
420,188
424,188
428,188
432,188
436,188
440,188
444,188
448,188
452,188
456,188
460,188
464,188
468,188
472,188
476,188
480,188
484,188
488,188
492,188
496,188
500,188
504,188
508,188
512,188
516,188
520,188
524,188
528,188
532,188
536,188
540,188
544,188
552,188
556,188
560,188
564,188
568,188
572,188
576,188
580,188
584,188
588,188
592,188
596,188
600,188
604,188
608,188
612,188
616,188
620,188
624,188
628,188
632,188
636,188
640,188
644,188
180,192
184,192
196,192
200,192
204,192
208,192
212,192
216,192
220,192
224,192
228,192
232,192
236,192
240,192
244,192
248,192
252,192
256,192
260,192
264,192
268,192
272,192
276,192
280,192
284,192
288,192
292,192
296,192
300,192
304,192
308,192
312,192
316,192
320,192
324,192
328,192
332,192
336,192
340,192
344,192
348,192
352,192
356,192
360,192
364,192
368,192
372,192
376,192
380,192
384,192
388,192
392,192
396,192
400,192
404,192
408,192
412,192
416,192
420,192
424,192
428,192
432,192
436,192
440,192
444,192
448,192
452,192
456,192
460,192
464,192
468,192
472,192
476,192
480,192
484,192
488,192
492,192
496,192
500,192
504,192
508,192
512,192
516,192
520,192
524,192
528,192
532,192
536,192
540,192
552,192
556,192
560,192
564,192
568,192
572,192
576,192
580,192
584,192
588,192
592,192
596,192
600,192
604,192
608,192
612,192
616,192
620,192
624,192
628,192
632,192
636,192
640,192
176,196
180,196
184,196
188,196
192,196
196,196
200,196
204,196
208,196
212,196
216,196
220,196
224,196
228,196
232,196
236,196
240,196
244,196
248,196
252,196
256,196
260,196
264,196
268,196
272,196
276,196
280,196
284,196
288,196
292,196
296,196
300,196
304,196
308,196
312,196
316,196
320,196
324,196
328,196
332,196
336,196
340,196
344,196
348,196
352,196
356,196
360,196
364,196
368,196
372,196
376,196
380,196
384,196
388,196
392,196
396,196
400,196
404,196
408,196
412,196
416,196
420,196
424,196
428,196
432,196
436,196
440,196
444,196
448,196
452,196
456,196
460,196
464,196
468,196
472,196
476,196
480,196
484,196
488,196
492,196
496,196
500,196
504,196
508,196
512,196
516,196
520,196
524,196
528,196
532,196
536,196
540,196
552,196
556,196
560,196
564,196
568,196
572,196
576,196
580,196
584,196
588,196
592,196
596,196
600,196
604,196
608,196
612,196
616,196
620,196
624,196
628,196
632,196
636,196
172,200
176,200
180,200
184,200
188,200
192,200
196,200
200,200
204,200
208,200
212,200
216,200
220,200
224,200
228,200
232,200
236,200
240,200
244,200
248,200
252,200
256,200
260,200
264,200
268,200
272,200
276,200
280,200
284,200
288,200
292,200
296,200
300,200
304,200
308,200
312,200
316,200
320,200
324,200
328,200
332,200
336,200
340,200
344,200
348,200
352,200
356,200
360,200
364,200
368,200
372,200
376,200
380,200
384,200
388,200
392,200
396,200
400,200
404,200
408,200
412,200
416,200
420,200
424,200
428,200
432,200
436,200
440,200
444,200
448,200
452,200
456,200
460,200
464,200
468,200
472,200
476,200
480,200
484,200
488,200
492,200
496,200
500,200
504,200
508,200
512,200
516,200
520,200
524,200
528,200
532,200
536,200
540,200
544,200
552,200
556,200
560,200
564,200
568,200
572,200
576,200
580,200
584,200
588,200
592,200
596,200
600,200
604,200
608,200
612,200
616,200
620,200
624,200
628,200
632,200
172,204
176,204
180,204
184,204
188,204
192,204
200,204
204,204
208,204
212,204
216,204
220,204
224,204
228,204
232,204
236,204
240,204
244,204
248,204
252,204
256,204
260,204
264,204
268,204
272,204
276,204
280,204
284,204
288,204
292,204
296,204
300,204
304,204
308,204
312,204
316,204
320,204
324,204
328,204
332,204
336,204
340,204
344,204
348,204
352,204
356,204
360,204
364,204
368,204
372,204
376,204
380,204
384,204
388,204
392,204
396,204
400,204
404,204
408,204
412,204
416,204
420,204
424,204
428,204
432,204
436,204
440,204
444,204
448,204
452,204
456,204
460,204
464,204
468,204
472,204
476,204
480,204
484,204
488,204
492,204
496,204
500,204
504,204
508,204
512,204
516,204
520,204
524,204
528,204
532,204
536,204
540,204
544,204
548,204
552,204
556,204
560,204
564,204
568,204
572,204
576,204
580,204
584,204
588,204
592,204
596,204
600,204
604,204
608,204
612,204
616,204
620,204
624,204
628,204
168,208
172,208
176,208
180,208
184,208
188,208
196,208
200,208
204,208
208,208
212,208
216,208
220,208
224,208
228,208
232,208
236,208
240,208
244,208
248,208
252,208
256,208
260,208
264,208
268,208
272,208
276,208
280,208
284,208
288,208
292,208
296,208
300,208
304,208
308,208
312,208
316,208
320,208
324,208
328,208
332,208
336,208
340,208
344,208
348,208
352,208
356,208
360,208
364,208
368,208
372,208
376,208
380,208
384,208
388,208
392,208
396,208
400,208
404,208
408,208
412,208
416,208
420,208
424,208
428,208
432,208
436,208
440,208
444,208
448,208
452,208
456,208
460,208
464,208
468,208
472,208
476,208
480,208
484,208
488,208
492,208
496,208
500,208
504,208
508,208
512,208
516,208
520,208
524,208
528,208
532,208
536,208
540,208
544,208
548,208
552,208
556,208
560,208
564,208
568,208
572,208
576,208
580,208
584,208
588,208
592,208
596,208
600,208
604,208
608,208
612,208
616,208
620,208
624,208
628,208
632,208
172,212
176,212
180,212
184,212
188,212
192,212
196,212
200,212
204,212
208,212
212,212
216,212
220,212
224,212
228,212
232,212
236,212
240,212
244,212
248,212
252,212
256,212
260,212
264,212
268,212
272,212
276,212
280,212
284,212
288,212
292,212
296,212
300,212
304,212
308,212
312,212
316,212
320,212
324,212
328,212
332,212
336,212
340,212
344,212
348,212
352,212
356,212
360,212
364,212
368,212
372,212
376,212
380,212
384,212
388,212
392,212
396,212
400,212
404,212
408,212
412,212
416,212
420,212
424,212
428,212
432,212
436,212
440,212
444,212
448,212
452,212
456,212
460,212
464,212
468,212
472,212
476,212
480,212
484,212
488,212
492,212
496,212
500,212
504,212
508,212
512,212
516,212
520,212
524,212
528,212
532,212
536,212
540,212
544,212
548,212
552,212
556,212
560,212
564,212
568,212
572,212
576,212
580,212
584,212
588,212
592,212
596,212
600,212
604,212
608,212
612,212
616,212
620,212
624,212
628,212
172,216
176,216
180,216
184,216
188,216
192,216
196,216
200,216
204,216
208,216
212,216
216,216
220,216
224,216
228,216
232,216
236,216
240,216
244,216
248,216
252,216
256,216
260,216
264,216
268,216
272,216
276,216
280,216
284,216
288,216
292,216
296,216
300,216
304,216
308,216
312,216
316,216
320,216
324,216
328,216
332,216
336,216
340,216
344,216
348,216
352,216
356,216
360,216
364,216
368,216
372,216
376,216
380,216
384,216
388,216
392,216
396,216
400,216
404,216
408,216
412,216
416,216
420,216
424,216
428,216
432,216
436,216
440,216
444,216
448,216
452,216
456,216
460,216
464,216
468,216
472,216
476,216
480,216
484,216
488,216
492,216
496,216
500,216
504,216
508,216
512,216
516,216
520,216
524,216
528,216
532,216
536,216
540,216
544,216
548,216
552,216
556,216
560,216
564,216
568,216
572,216
576,216
580,216
584,216
588,216
592,216
596,216
600,216
604,216
608,216
612,216
616,216
172,220
176,220
180,220
184,220
188,220
192,220
196,220
200,220
204,220
208,220
212,220
216,220
220,220
224,220
228,220
232,220
236,220
240,220
244,220
248,220
252,220
256,220
260,220
264,220
268,220
272,220
276,220
280,220
284,220
288,220
292,220
296,220
300,220
304,220
308,220
312,220
316,220
320,220
324,220
328,220
332,220
336,220
340,220
344,220
348,220
352,220
356,220
360,220
364,220
368,220
372,220
376,220
380,220
384,220
388,220
392,220
396,220
400,220
404,220
408,220
412,220
416,220
420,220
424,220
428,220
432,220
436,220
440,220
444,220
448,220
452,220
456,220
460,220
464,220
468,220
472,220
476,220
480,220
484,220
488,220
492,220
496,220
500,220
504,220
508,220
512,220
516,220
520,220
524,220
528,220
532,220
536,220
540,220
544,220
548,220
552,220
556,220
560,220
564,220
568,220
572,220
576,220
580,220
584,220
588,220
592,220
596,220
600,220
604,220
608,220
620,220
168,224
172,224
176,224
180,224
184,224
188,224
192,224
200,224
204,224
208,224
212,224
216,224
220,224
224,224
228,224
232,224
236,224
240,224
244,224
248,224
252,224
256,224
260,224
264,224
268,224
272,224
276,224
280,224
284,224
288,224
292,224
296,224
300,224
304,224
308,224
312,224
316,224
320,224
324,224
328,224
332,224
336,224
340,224
344,224
348,224
352,224
356,224
360,224
364,224
368,224
372,224
376,224
380,224
384,224
388,224
392,224
396,224
400,224
404,224
408,224
412,224
416,224
420,224
424,224
428,224
432,224
436,224
440,224
444,224
448,224
452,224
456,224
460,224
464,224
468,224
472,224
476,224
480,224
484,224
488,224
492,224
496,224
500,224
504,224
508,224
512,224
516,224
520,224
524,224
528,224
532,224
536,224
540,224
544,224
548,224
552,224
556,224
560,224
564,224
568,224
572,224
576,224
580,224
584,224
588,224
592,224
596,224
600,224
604,224
608,224
612,224
160,228
164,228
168,228
172,228
176,228
180,228
184,228
188,228
192,228
196,228
204,228
208,228
212,228
216,228
220,228
224,228
228,228
232,228
236,228
240,228
244,228
248,228
252,228
256,228
260,228
264,228
268,228
272,228
276,228
280,228
284,228
288,228
292,228
296,228
300,228
304,228
308,228
312,228
316,228
320,228
324,228
328,228
332,228
336,228
340,228
344,228
348,228
352,228
356,228
360,228
364,228
368,228
372,228
376,228
380,228
384,228
388,228
392,228
396,228
400,228
404,228
408,228
412,228
416,228
420,228
424,228
428,228
432,228
436,228
440,228
444,228
448,228
452,228
456,228
460,228
464,228
468,228
472,228
476,228
480,228
484,228
488,228
492,228
496,228
500,228
504,228
508,228
512,228
516,228
520,228
524,228
528,228
532,228
536,228
540,228
544,228
548,228
552,228
556,228
560,228
564,228
568,228
572,228
576,228
580,228
584,228
588,228
592,228
616,228
152,232
156,232
160,232
164,232
168,232
172,232
176,232
180,232
184,232
188,232
212,232
216,232
220,232
224,232
228,232
232,232
236,232
240,232
244,232
248,232
252,232
256,232
260,232
264,232
268,232
272,232
276,232
280,232
284,232
288,232
292,232
296,232
300,232
304,232
308,232
312,232
316,232
320,232
324,232
328,232
332,232
336,232
340,232
344,232
348,232
352,232
356,232
360,232
364,232
368,232
372,232
376,232
380,232
384,232
388,232
392,232
396,232
400,232
404,232
408,232
412,232
416,232
420,232
424,232
428,232
432,232
436,232
440,232
444,232
448,232
452,232
456,232
460,232
464,232
468,232
472,232
476,232
480,232
484,232
488,232
492,232
496,232
500,232
504,232
508,232
512,232
516,232
520,232
524,232
528,232
532,232
536,232
540,232
544,232
548,232
552,232
556,232
560,232
564,232
568,232
572,232
576,232
580,232
584,232
588,232
164,236
176,236
180,236
184,236
212,236
216,236
220,236
224,236
228,236
232,236
236,236
240,236
244,236
248,236
252,236
256,236
260,236
264,236
268,236
272,236
276,236
280,236
284,236
288,236
292,236
296,236
300,236
304,236
308,236
312,236
316,236
320,236
324,236
328,236
332,236
336,236
340,236
344,236
348,236
352,236
356,236
360,236
364,236
368,236
372,236
376,236
380,236
384,236
388,236
392,236
396,236
400,236
404,236
408,236
412,236
416,236
420,236
424,236
428,236
432,236
436,236
440,236
444,236
448,236
452,236
456,236
460,236
464,236
468,236
472,236
476,236
480,236
484,236
488,236
492,236
496,236
500,236
504,236
508,236
512,236
516,236
520,236
524,236
528,236
532,236
536,236
540,236
544,236
548,236
552,236
556,236
560,236
564,236
568,236
572,236
576,236
580,236
584,236
588,236
172,240
212,240
216,240
220,240
224,240
228,240
232,240
236,240
240,240
244,240
248,240
252,240
256,240
260,240
264,240
268,240
272,240
276,240
280,240
284,240
288,240
292,240
296,240
300,240
304,240
308,240
312,240
316,240
320,240
324,240
328,240
332,240
336,240
340,240
344,240
348,240
352,240
356,240
360,240
364,240
368,240
372,240
376,240
380,240
384,240
388,240
392,240
396,240
400,240
404,240
408,240
412,240
416,240
420,240
424,240
428,240
432,240
436,240
440,240
444,240
448,240
452,240
456,240
460,240
464,240
468,240
472,240
476,240
480,240
484,240
488,240
492,240
496,240
500,240
504,240
508,240
512,240
516,240
520,240
524,240
528,240
532,240
536,240
540,240
544,240
548,240
552,240
556,240
560,240
564,240
568,240
572,240
576,240
580,240
584,240
588,240
212,244
216,244
220,244
224,244
228,244
232,244
236,244
240,244
244,244
248,244
252,244
256,244
260,244
264,244
268,244
272,244
276,244
280,244
284,244
288,244
292,244
296,244
300,244
304,244
308,244
312,244
316,244
320,244
324,244
328,244
332,244
336,244
340,244
344,244
348,244
352,244
356,244
360,244
364,244
368,244
372,244
376,244
380,244
384,244
388,244
392,244
396,244
400,244
404,244
408,244
412,244
416,244
420,244
424,244
428,244
432,244
436,244
440,244
444,244
448,244
452,244
456,244
460,244
464,244
468,244
472,244
476,244
480,244
484,244
488,244
492,244
496,244
500,244
504,244
508,244
512,244
516,244
520,244
524,244
528,244
532,244
536,244
540,244
544,244
548,244
552,244
556,244
560,244
564,244
568,244
572,244
576,244
216,248
220,248
224,248
232,248
236,248
240,248
244,248
248,248
252,248
256,248
260,248
268,248
272,248
276,248
280,248
284,248
288,248
292,248
296,248
300,248
304,248
308,248
312,248
316,248
320,248
324,248
328,248
332,248
336,248
340,248
344,248
348,248
352,248
356,248
360,248
364,248
368,248
372,248
376,248
380,248
384,248
388,248
392,248
396,248
400,248
404,248
408,248
412,248
416,248
420,248
424,248
428,248
432,248
436,248
440,248
444,248
448,248
452,248
456,248
460,248
464,248
468,248
472,248
476,248
480,248
484,248
488,248
492,248
496,248
500,248
504,248
508,248
512,248
516,248
520,248
524,248
528,248
532,248
536,248
540,248
544,248
548,248
552,248
556,248
560,248
564,248
568,248
580,248
584,248
208,252
212,252
216,252
220,252
224,252
228,252
232,252
236,252
240,252
244,252
248,252
252,252
256,252
260,252
264,252
268,252
272,252
276,252
280,252
284,252
288,252
292,252
296,252
300,252
304,252
308,252
312,252
316,252
320,252
324,252
328,252
332,252
336,252
340,252
344,252
348,252
352,252
356,252
360,252
364,252
368,252
372,252
376,252
380,252
384,252
388,252
392,252
396,252
400,252
404,252
408,252
412,252
416,252
420,252
424,252
428,252
432,252
436,252
440,252
444,252
448,252
452,252
456,252
460,252
464,252
468,252
472,252
476,252
480,252
484,252
488,252
492,252
496,252
500,252
504,252
508,252
512,252
516,252
520,252
524,252
528,252
532,252
536,252
540,252
544,252
548,252
552,252
556,252
560,252
580,252
208,256
212,256
216,256
220,256
224,256
228,256
232,256
236,256
244,256
248,256
252,256
256,256
260,256
264,256
268,256
272,256
276,256
280,256
284,256
288,256
292,256
296,256
300,256
304,256
308,256
312,256
316,256
320,256
324,256
328,256
332,256
336,256
340,256
344,256
348,256
352,256
356,256
360,256
364,256
368,256
372,256
376,256
380,256
384,256
388,256
392,256
396,256
400,256
404,256
408,256
412,256
416,256
420,256
424,256
428,256
432,256
436,256
440,256
444,256
448,256
452,256
456,256
460,256
464,256
468,256
472,256
476,256
480,256
484,256
488,256
492,256
496,256
500,256
504,256
508,256
512,256
516,256
520,256
524,256
528,256
532,256
536,256
540,256
544,256
548,256
552,256
556,256
560,256
208,260
212,260
216,260
220,260
224,260
228,260
232,260
236,260
240,260
244,260
248,260
252,260
256,260
260,260
264,260
268,260
272,260
276,260
280,260
284,260
288,260
292,260
296,260
300,260
304,260
308,260
312,260
316,260
320,260
324,260
328,260
332,260
336,260
340,260
344,260
348,260
352,260
356,260
360,260
364,260
368,260
372,260
376,260
380,260
384,260
388,260
392,260
396,260
400,260
404,260
408,260
412,260
416,260
420,260
424,260
428,260
432,260
436,260
440,260
444,260
448,260
452,260
456,260
460,260
464,260
468,260
472,260
476,260
480,260
484,260
488,260
492,260
496,260
500,260
504,260
508,260
512,260
516,260
520,260
524,260
528,260
532,260
536,260
540,260
544,260
548,260
552,260
208,264
212,264
216,264
220,264
224,264
228,264
232,264
236,264
240,264
244,264
248,264
252,264
256,264
260,264
264,264
268,264
272,264
276,264
280,264
284,264
288,264
292,264
296,264
300,264
304,264
308,264
312,264
316,264
320,264
324,264
328,264
332,264
336,264
340,264
344,264
348,264
352,264
356,264
360,264
364,264
368,264
372,264
376,264
380,264
384,264
388,264
392,264
396,264
400,264
404,264
408,264
412,264
416,264
420,264
424,264
428,264
432,264
436,264
440,264
444,264
448,264
452,264
456,264
460,264
464,264
468,264
472,264
476,264
480,264
484,264
488,264
492,264
496,264
500,264
504,264
508,264
512,264
516,264
520,264
524,264
528,264
532,264
536,264
540,264
208,268
212,268
216,268
220,268
224,268
228,268
240,268
244,268
248,268
252,268
256,268
260,268
264,268
268,268
272,268
276,268
280,268
284,268
288,268
292,268
296,268
300,268
304,268
308,268
312,268
316,268
320,268
324,268
328,268
332,268
336,268
340,268
344,268
348,268
352,268
356,268
360,268
364,268
368,268
372,268
376,268
380,268
384,268
388,268
392,268
396,268
400,268
404,268
408,268
420,268
424,268
428,268
432,268
436,268
440,268
444,268
448,268
452,268
456,268
460,268
464,268
468,268
472,268
476,268
480,268
484,268
488,268
492,268
496,268
500,268
504,268
508,268
512,268
516,268
520,268
524,268
528,268
532,268
536,268
540,268
208,272
212,272
220,272
224,272
236,272
240,272
252,272
256,272
264,272
268,272
272,272
276,272
280,272
284,272
288,272
292,272
296,272
300,272
304,272
308,272
312,272
316,272
320,272
324,272
328,272
332,272
336,272
340,272
344,272
348,272
352,272
356,272
360,272
364,272
368,272
372,272
376,272
380,272
384,272
388,272
392,272
396,272
428,272
432,272
436,272
440,272
444,272
448,272
452,272
456,272
460,272
464,272
468,272
472,272
476,272
480,272
484,272
488,272
492,272
496,272
500,272
504,272
508,272
512,272
516,272
520,272
524,272
528,272
532,272
536,272
540,272
264,276
272,276
276,276
280,276
284,276
288,276
292,276
296,276
300,276
304,276
308,276
312,276
316,276
320,276
324,276
328,276
332,276
336,276
340,276
344,276
348,276
352,276
356,276
360,276
364,276
368,276
372,276
376,276
380,276
384,276
388,276
392,276
436,276
440,276
444,276
448,276
452,276
456,276
460,276
464,276
468,276
472,276
476,276
480,276
484,276
488,276
492,276
496,276
500,276
504,276
508,276
512,276
516,276
520,276
532,276
536,276
264,280
272,280
280,280
284,280
288,280
292,280
296,280
300,280
304,280
308,280
312,280
316,280
320,280
324,280
328,280
332,280
336,280
340,280
344,280
348,280
352,280
356,280
360,280
364,280
368,280
372,280
376,280
380,280
444,280
448,280
452,280
460,280
464,280
468,280
472,280
476,280
480,280
484,280
488,280
492,280
496,280
500,280
508,280
512,280
516,280
520,280
524,280
536,280
280,284
284,284
288,284
292,284
296,284
300,284
304,284
308,284
312,284
316,284
320,284
324,284
328,284
332,284
336,284
340,284
344,284
348,284
352,284
356,284
360,284
364,284
368,284
372,284
376,284
380,284
468,284
472,284
476,284
480,284
488,284
496,284
508,284
532,284
280,288
284,288
288,288
292,288
296,288
300,288
304,288
308,288
312,288
316,288
320,288
324,288
328,288
332,288
336,288
340,288
344,288
348,288
352,288
356,288
360,288
364,288
368,288
372,288
376,288
464,288
288,292
292,292
296,292
300,292
304,292
308,292
312,292
316,292
320,292
324,292
328,292
332,292
336,292
340,292
344,292
348,292
352,292
356,292
360,292
364,292
288,296
292,296
296,296
300,296
304,296
308,296
312,296
316,296
320,296
324,296
328,296
332,296
336,296
340,296
348,296
352,296
356,296
360,296
364,296
368,296
284,300
288,300
292,300
296,300
300,300
304,300
308,300
312,300
336,300
348,300
352,300
356,300
364,300
304,304
356,304
